#CHROM	POS	ID	REF	ALT	QUAL	FILTER	INFO	FORMAT	chinook2911
NC_037104.1:56552815-56552925	57	.	T	A	31555	.	DP=5469;AD=439,5019;VDB=0;SGB=1063.69;RPB=0.994221;MQB=1;BQB=0.994215;MQ0F=0;AC=2;AN=2;DP4=439,0,5024,0;MQ=60	GT:PL:DP:AD	1/1:206,90,0:30:0,30
NC_037104.1:56552952-56553042	41	.	G	A	20624.1	.	DP=13781;AD=4560,9215;VDB=0;SGB=6806.66;RPB=0.999267;MQB=1;BQB=0.954347;MQ0F=0;AC=0;AN=2;DP4=4560,0,9216,0;MQ=60	GT:PL:DP:AD	0/0:0,181,221:60:60,0
NC_037099.1:62937268-62937373	62	.	T	C	355.16	.	DP=5881;AD=5842,38;VDB=3.75937e-20;SGB=-110.998;RPB=0.999617;MQB=1;BQB=0.980339;MQ0F=0;AC=1;AN=2;DP4=5842,0,39,0;MQ=60	GT:PL:DP:AD	0/1:162,0,170:35:19,16
NC_037130.1:1062935-1063235	118	.	T	A	116063	.	DP=19761;AD=52,19615;VDB=0;SGB=2171.45;RPB=0.985026;MQB=1;BQB=0.853977;MQ0F=0;AN=2;DP4=52,0,19675,0;MQ=60;AC=2	GT:PL:DP:AD	1/1:236,244,0:81:0,81
NC_037130.1:1062935-1063235	151	.	G	A	18460.3	.	DP=19759;AD=15574,4148;VDB=0;SGB=5941.14;RPB=0.985716;MQB=1;BQB=0.12961;MQ0F=0;AN=2;DP4=15574,0,4150,0;MQ=60;AC=0	GT:PL:DP:AD	0/0:0,244,236:81:81,0
NC_037130.1:864908-865208	151	.	A	G	19989.4	.	DP=17313;AD=12642,4463;VDB=0;SGB=6296.2;RPB=0.999224;MQB=1;BQB=1.2238e-14;MQ0F=0;AN=2;DP4=12642,0,4463,0;MQ=60;AC=0	GT:PL:DP:AD	0/0:0,154,214:51:51,0
NC_037130.1:864908-865208	185	.	A	G	1828.11	.	DP=17317;AD=16943,345;VDB=0;SGB=727.749;RPB=0.986035;MQB=1;BQB=0.252835;MQ0F=0;AN=2;DP4=16943,0,347,0;MQ=60;AC=0	GT:PL:DP:AD	0/0:0,154,214:51:51,0
NC_037130.1:864908-865208	201	.	T	C	14.522	.	DP=17317;AD=17189,32;VDB=3.75937e-20;SGB=-1042.26;RPB=0.99944;MQB=1;BQB=0.851333;MQ0F=0;AN=2;DP4=17189,0,34,0;MQ=60;AC=0	GT:PL:DP:AD	0/0:0,154,214:51:51,0
NC_037130.1:864908-865208	209	.	T	A	264.384	.	DP=17317;AD=17143,76;VDB=0;SGB=-613.514;RPB=0.968638;MQB=1;BQB=0.648539;MQ0F=0;AN=2;DP4=17143,0,110,0;MQ=60;AC=0	GT:PL:DP:AD	0/0:0,154,214:51:51,0
NC_037104.1:55923357-55923657	151	.	A	C	75707.6	.	DP=107984;AD=60281,44939;VDB=0;SGB=7894.08;RPB=0.999796;MQB=1;BQB=0;MQ0F=0;AC=2;AN=2;DP4=60281,0,45123,0;MQ=60	GT:PL:DP:AD	1/1:255,255,0:239:2,237
NC_037108.1:73543706-73544006	130	.	G	A	23400.8	.	DP=81931;AD=70816,9813;VDB=0;SGB=-203.788;RPB=0.991971;MQB=0.999866;BQB=0.198241;MQ0F=0;AC=0;AN=2;DP4=70816,0,9845,0;MQ=59	GT:PL:DP:AD	0/0:0,255,255:245:245,0
NC_037108.1:73543706-73544006	133	.	A	T	2658.85	.	DP=81919;AD=79827,994;VDB=0;SGB=-5020.3;RPB=0.97943;MQB=1;BQB=0.0352922;MQ0F=0;AC=0;AN=2;DP4=79827,0,1065,0;MQ=60	GT:PL:DP:AD	0/0:0,255,255:248:247,0
NC_037108.1:73543706-73544006	151	.	T	A	58651.3	.	DP=81931;AD=52109,29450;VDB=0;SGB=12974;RPB=0.974898;MQB=0.999958;BQB=3.12119e-39;MQ0F=0;AC=2;AN=2;DP4=52109,0,29624,0;MQ=59	GT:PL:DP:AD	1/1:255,255,0:250:3,247
NC_037112.1:24542569-24542869	151	.	T	C	61182.1	.	DP=136204;AD=86640,49117;VDB=0;SGB=1398.22;RPB=0.958323;MQB=0.995844;BQB=0;MQ0F=0;AC=1;AN=2;DP4=86640,0,49149,0;MQ=59	GT:PL:DP:AD	0/1:232,0,202:277:124,153
NC_037112.1:24542569-24542869	165	.	C	G	10461.6	.	DP=136250;AD=130290,5768;VDB=0;SGB=-7977.84;RPB=0.980723;MQB=0.99999;BQB=0.825314;MQ0F=0;AC=0;AN=2;DP4=130290,0,5869,0;MQ=59	GT:PL:DP:AD	0/0:0,255,255:278:275,0
NC_037112.1:24542569-24542869	172	.	A	G	123758	.	DP=136229;AD=43412,92323;VDB=0;SGB=1725.12;RPB=0.999529;MQB=0.998458;BQB=0;MQ0F=0;AC=1;AN=2;DP4=43412,0,92347,0;MQ=59	GT:PL:DP:AD	0/1:233,0,202:278:123,155